0
0
0
0
0
0
0
0
0
0
0
0
0
0
0
0
0
0
0
0
0
0
0
0
0
0
0
0
0
0
0
0
0
0
0
0
0
0
0
0
0
0
0
0
0
0
0
0
0
0
0
0
0
0
0
0
0
0
0
0
0
0
0
0
0
0
0
0
0
0
0
0
0
0
0
0
0
0
0
0
0
0
0
0
0
0
0
0
0
0
0
0
0
0
0
0
0
0
0
0
5
1
5
3
2
1
1
1
5
5
6
5
6
5
22
2407
11
426
132
44
59
110
6
1
15
30
12
9
1
2
1
2
1
1
7
202
34
33
1
6
9
52
1
1
2
19
74
11
12
72
10
56
144
6
5
4
5
1
1
32
14
14
26
6
1
1
8
1
12
4
1
4
3
9
3
12
2
5
4
1
3
2
3
3
3
1
1
10
1
2
4
14
3
7
47
1
42
1
17
5
6
1
17
1
4
2
4
1
179
2
2
16
17
10
10
10
5
5
1
25
2
1
10
3
17
1
5
4
4
4
9
3
8
2
2
9
14
6
207
1
0
1
3
1
1
1
1
4
1
5
4
4
4
4
4
34
1
1
3
5
2
2
1
5
1
2
3
3
3
22
16
3
1
1
1
2
2
2
8
2
1
1
1
1
40
2
4
2
1
2
76
429
1
0
0
5
30
25
0
10
5
7
5
3
17
5
2
18
41
3
1
15
6
11
9
3
62
33
5
8
8
25
4
1
3
2
1
54
1
8
1
1
1
2
3
2
1
2
5
6
6
529
11
25
2
13
2
2
3
1
11
3
1
11
1
1
4
5
3
2
2
1
2
1
6
1
1
2
8
4
1
2
8
11
6
5
2
1
10
2
4
4
1
4
3
2
16
4
4
4
4
4
1
8
3
6
1
1
1
5
4
768
1
1
11
1
1
2
12
2
13
21
4
62
3
921
2
1
1
1
10
1
1
1
1
18
14
4
1
1
26
14
26
10
2
2
9
9
3
8
10
3
6
1
7
1
1
1
1
1
1
2
5
2
2
0
12
1
1
1
1
1
1
1
1
1
5
0
24
2
2
2
2
2
1
0
13
1
1
1
1
1
1
1
0
8
1
1
1
1
1
1
0
10
8
291
8
16
8
2
1
1
20
1
1
2
2
1
1
1
8
12
37
35
8
4
35
9
6
11
2
1
1
9
3
12
10
7
7
7
7
7
7
7
7
7
6
6
6
1
1
1
1
1
1
1
1
1
2
3
2
4
3
3
3
3
3
3
5
5
4
4
3
3
3
3
3
3
3
8
6
9
3
3
3
10
3
3
3
3
3
3
3
3
3
3
3
3
3
11
3
3
3
3
35
6
6
2
3
6
2
6
2
3
2
1
1
3
14
4
6
2
6
2
6
2
6
2
6
2
6
2
6
2
6
2
6
2
3
3
1
1
1
1
7
5
4
4
1
1
1
1
1
39
23
6
3
1
4
1
1
4
4
18
12
13
7
5
4
1
3
2
3
3
3
4
4
6
4
4
4
3
3
1
3
4
3
14
3
3
3
3
3
3
1
2
3
3
2
2
4
1
3
2
2
3
3
2
2
1
3
3
8
2
5
3
3
3
2
2
2
2
2
2
2
3
3
2
2
2
2
2
2
3
3
2
2
2
2
3
3
2
2
2
2
3
3
2
2
2
2
3
3
2
2
15
2
4
3
3
1
2
2
1
5
5
5
5
5
5
5
5
5
18
18
18
18
18
18
18
18
18
1
19
16
4
4
4
4
19
15
4
4
4
4
19
13
4
4
4
4
19
13
4
4
4
4
19
13
4
4
4
4
19
13
4
4
4
4
19
13
4
4
4
4
19
13
4
4
4
4
19
13
4
4
4
4
9
7
7
7
4
4
4
4
2
2
2
2
2
2
2
3
3
3
3
3
3
3
3
3
3
3
3
5
5
6
5
5
4
4
4
11
10
9
7
5
5
5
5
6
6
6
5
3
3
2
2
0
0
2
0
10
2
1
2
12
3
33
14
21
21
3
3
10
7
18
18
26
26
18
8
6
6
6
6
5
22
9
4
4
12
11
11
21
167
42
4
11
2
9
18
0
35
32
2
2
1
8
9
10
9
27
17
5
3
8
2
1
1
1
1
2
4
1
3
1
3
6
2
11
2
2
2
3
3
4
1
3
3
6
2
2
2
16
13
3
3
4
3
1
5
5
4
1
2
6
1
4
2
2
14
1
2
2
2
1
1
4
4
7
34
1
2
28
2
4
1
2
1
1
1
35
29
148
45
2
1
1
2
2
22
9
11
11
8
2
2
2
2
1
16
5
1
6
20
11
1
2
10
10
9
9
8
4
8
10
6
7
3
1
2
1
1
2
1
21
27
9
12
2
2
3
2
3
0
12
5
5
2
2
1
1
2
5
17
16
4
9
11
4
1
2
2
13
5
9
6
7
2
8
8
28
28
27
28
28
27
11
4
11
4
11
4
11
4
11
4
11
4
6
2
6
2
2
2
7
5
8
13
6
5
3
3
1
1
1
1
1
1
1
1
1
1
1
1
1
2
1
1
1
1
4
1
1
1
2
1
0
2
0
18
1
0
24
1
0
6
6
6
6
6
6
8
2
3
15
0
3
6
10
5
7
1
3
1
1
1
1
1
1
1
1
1
1
1
3
6
8
3
6
1
15
5
4
2
10
1
1
1
8
2
2
3
1
3
6
1
5
1
1
4
4
1
0
4
5
0
2
2
142
27
7
14
2
3
8
14
1
44
12
1
1
3
6
4
3
6
23
3
2
38
11
37
16
8
41
54
20
9
9
9
9
9
9
9
6
15
13
8
6
2
3
3
2
2
2
3
3
3
4
2
2
4
1
9
1
3
10
3
8
2
6
4
15
6
12
1
4
3
2
1
7
2
2
